193.4
110.1
56.0
54.4
140.3
164.5
196.6
77.1
199.2
164.9
86.0
64.2
182.1
168.8
178.2
180.9
67.3
66.6
113.9
64.7
96.7
77.9
77.1
196.0
54.4
85.1
157.6
189.5
191.1
134.9
104.4
95.8
59.6
195.2
147.6
126.1
177.9
97.6
191.9
113.0
110.8
125.0
64.2
119.9
173.8
186.9
179.0
174.9
130.4
156.1
178.0
170.9
171.1
64.5
155.6
149.8
186.9
61.6
101.7
63.8
138.9
62.0
173.3
179.6
122.3
90.8
165.1
117.1
69.2
99.5
190.8
98.4
91.6
144.3
151.0
139.9
131.6
150.1
132.5
140.1
144.9
183.2
124.3
175.9
188.9
50.2
155.2
187.1
167.1
98.1
58.9
161.6
141.9
121.7
179.8
121.0
69.4
105.6
179.3
156.6
75.1
101.1
111.7
150.0
60.0
164.6
95.7
190.5
152.1
90.7
63.4
69.6
82.6
137.1
88.0
142.3
163.4
161.6
200.0
75.3
123.8
149.3
157.5
70.4
55.3
153.1
149.7
78.4
58.6
92.3
85.2
121.8
163.9
176.8
59.6
197.7
190.3
63.7
146.9
87.3
120.2
127.7
51.7
179.6
91.3
68.5
199.8
124.1
99.7
67.0
194.2
168.8
124.5
131.6
53.4
83.5
79.7
135.7
135.7
89.0
165.5
82.9
178.8
176.2
78.9
79.5
115.4
170.9
133.1
106.3
152.4
185.2
131.0
53.0
110.7
105.7
90.0
154.9
192.2
97.5
102.9
181.0
165.5
101.9
129.8
55.2
165.3
82.9
94.7
120.6
176.8
109.0
103.9
101.2
105.7
92.0
147.7
78.9
190.7
180.8