39.3
38.0
38.1
35.0
37.3
36.8
35.2
35.8
39.0
36.4
38.1
39.6
39.8
35.8
36.2
39.7
35.2
37.3
36.1
38.6
37.7
35.4
39.7
37.8
38.5
38.8
38.5
37.0
35.1
38.3
36.8
35.7
37.6
39.0
36.5
35.6
35.5
37.4
38.5
37.2
38.8
38.9
39.4
35.1
38.5
35.2
37.3
37.7
38.0
38.3
35.5
35.4
37.5
37.4
35.4
37.3
36.8
35.3
39.0
35.4
35.8
38.6
37.8
36.0
37.4
36.3
38.3
35.2
37.2
39.5
36.6
39.4
37.7
38.0
40.0
35.9
37.3
37.1
36.5
36.5
39.5
39.3
38.8
39.8
39.0
36.5
39.7
38.1
37.7
39.6
35.4
38.4
35.5
37.7
36.5
38.9
38.3
35.8
35.7
38.7
39.7
35.2
35.0
36.3
38.9
39.2
37.6
38.0
38.1
38.7
38.4
39.1
38.5
39.3
35.1
35.9
37.3
35.0
36.5
36.7
39.9
36.2
37.2
37.8
37.4
39.4
37.3
39.6
37.0
37.8
37.6
35.7
39.7
39.7
38.1
37.5
35.7
37.6
35.4
35.9
35.4
39.4
39.9
38.5
38.6
35.2
38.1
36.7
36.3
37.8
39.9
39.3
37.9
38.2
38.5
37.6
37.0
40.0
37.1
39.3
38.8
36.7
38.0
38.5
36.9
37.8
36.3
37.8
39.7
39.1
35.0
37.7
35.1
36.0
38.4
37.3
39.2
39.6
38.7
38.9
37.8
37.6
38.6
35.3
39.3
35.1
38.7
38.0
37.7
38.8
37.5
35.6
38.1
35.3
35.3
38.5
38.6
37.5
35.2
35.7